doc,topic1,topic2,topic3,topic4,topic5,topic6,catogory
0,0.073319731,0.844298221,0.018068791,0.023642944,0.024913691,0.015756623,0
1,0.113319654,0.009347936,0.707024397,0.016177567,0.017047069,0.137083376,0
2,0.63566197,0.08297939,0.014150748,0.0185162,0.019511398,0.229180294,5
3,0.728651216,0.038597836,0.051049085,0.066797534,0.070387728,0.044516602,1
4,0.207147518,0.299349685,0.051049085,0.066797534,0.331139576,0.044516602,0
5,0.392071879,0.376981466,0.004570473,0.005980447,0.216410123,0.003985614,2
6,0.467899367,0.038597836,0.051049085,0.066797534,0.331139576,0.044516602,4
7,0.210216578,0.744543507,0.028583116,0.006123399,0.006452516,0.004080883,2
8,0.078862943,0.001497699,0.366224041,0.053181256,0.498506699,0.001727363,5
9,0.627077425,0.013661679,0.018068791,0.115935893,0.209499589,0.015756623,1
10,0.306862092,0.001577504,0.300482307,0.077329012,0.258644694,0.055104391,2
11,0.207147518,0.299349685,0.051049085,0.327549382,0.070387728,0.044516602,1
12,0.236113974,0.434980767,0.016542074,0.021645241,0.276292673,0.014425272,2
13,0.262532143,0.021656735,0.028642966,0.622696858,0.039493622,0.024977676,4
14,0.650279763,0.025368217,0.204929461,0.043902314,0.04626195,0.029258294,1
15,0.700586825,0.00879267,0.249228427,0.015216622,0.016034476,0.010140978,0
16,0.089917173,0.016754284,0.474900527,0.142180388,0.256924167,0.019323461,5
17,0.574092715,0.181496711,0.016542074,0.021645241,0.107303302,0.098919957,4
18,0.924782427,0.010699276,0.014150748,0.0185162,0.019511398,0.012339951,1
19,0.33261564,0.000705436,0.019995593,0.563567264,0.082302458,0.000813611,4
20,0.487482747,0.015050758,0.019905971,0.331077952,0.027446841,0.11903573,3
21,0.658587401,0.01250734,0.016542074,0.275129297,0.022808616,0.014425272,4
22,0.139806392,0.089444445,0.560634256,0.019958826,0.176854705,0.013301376,0
23,0.324889443,0.512923599,0.067046382,0.014363437,0.071204759,0.00957238,2
24,0.351873594,0.005317939,0.007033449,0.619943711,0.009697892,0.006133416,4
25,0.207147518,0.038597836,0.311800933,0.066797534,0.070387728,0.305268451,0
26,0.467899367,0.038597836,0.051049085,0.066797534,0.331139576,0.044516602,5
27,0.207147518,0.560101534,0.051049085,0.066797534,0.070387728,0.044516602,2
28,0.284128705,0.015050758,0.121582993,0.331077952,0.230800883,0.017358709,4
29,0.78477225,0.030614935,0.040490985,0.052982301,0.055829962,0.035309567,0
30,0.661305395,0.232576973,0.010977056,0.014363437,0.071204759,0.00957238,4
31,0.034569453,0.509036836,0.002421925,0.00316908,0.4486907,0.002112004,2
32,0.650279763,0.196745947,0.033551732,0.043902314,0.04626195,0.029258294,2
33,0.203102546,0.582681148,0.022159036,0.028995015,0.030553422,0.132508834,5
34,0.555140965,0.021656735,0.028642966,0.037479212,0.039493622,0.317586499,4
35,0.356968224,0.006779241,0.008966152,0.149125866,0.01236275,0.465797767,0
36,0.54696768,0.00142558,0.252282567,0.002467113,0.195212876,0.001644185,1
37,0.467899367,0.038597836,0.051049085,0.066797534,0.331139576,0.044516602,1
38,0.164304751,0.651082434,0.040490985,0.052982301,0.055829962,0.035309567,2
39,0.408836554,0.021656735,0.028642966,0.037479212,0.478406857,0.024977676,5
40,0.048986891,0.000431768,0.729784677,0.000747219,0.111627851,0.108421594,3
41,0.139806392,0.32317916,0.015253255,0.409516684,0.098943133,0.013301376,4
42,0.207147518,0.038597836,0.051049085,0.327549382,0.070387728,0.305268451,4
43,0.451452678,0.011532874,0.015253255,0.487428256,0.021031561,0.013301376,1
44,0.136146576,0.025368217,0.033551732,0.558035502,0.04626195,0.200636023,4
45,0.457997621,0.009978061,0.013196876,0.017268062,0.490051238,0.011508141,5
46,0.701445377,0.021656735,0.028642966,0.037479212,0.185798034,0.024977676,1
47,0.467899367,0.299349685,0.051049085,0.066797534,0.070387728,0.044516602,0
48,0.201981284,0.08297939,0.014150748,0.0185162,0.670032427,0.012339951,2
49,0.413825194,0.007859021,0.010394257,0.013600846,0.173609256,0.380711425,3
50,0.597323605,0.003715952,0.03001819,0.232362444,0.006776478,0.129803332,4
51,0.871131564,0.009347936,0.01236348,0.016177567,0.080198062,0.010781391,1
52,0.52936425,0.011532874,0.093164827,0.097870398,0.176854705,0.091212948,0
53,0.611918937,0.018892656,0.024987225,0.032695689,0.289715753,0.021789741,1
54,0.467899367,0.038597836,0.311800933,0.066797534,0.070387728,0.044516602,0
55,0.769029409,0.016754284,0.022159036,0.028995015,0.143738794,0.019323461,1
56,0.792513811,0.015050758,0.019905971,0.026046888,0.027446841,0.11903573,1
57,0.207147518,0.038597836,0.311800933,0.066797534,0.070387728,0.305268451,4
58,0.78477225,0.030614935,0.040490985,0.052982301,0.055829962,0.035309567,4
59,0.78477225,0.030614935,0.040490985,0.052982301,0.055829962,0.035309567,1
60,0.073319731,0.013661679,0.571826485,0.115935893,0.11720664,0.108049572,5
61,0.478902034,0.025368217,0.033551732,0.043902314,0.217639679,0.200636023,0
62,0.262416932,0.001001286,0.29218898,0.022025714,0.211519112,0.210847976,5
63,0.385805726,0.421758843,0.121582993,0.026046888,0.027446841,0.017358709,0
64,0.701445377,0.021656735,0.028642966,0.037479212,0.039493622,0.171282088,0
65,0.827576772,0.01250734,0.016542074,0.021645241,0.107303302,0.014425272,1
66,0.728651216,0.038597836,0.051049085,0.066797534,0.070387728,0.044516602,1
67,0.650279763,0.025368217,0.033551732,0.215280044,0.04626195,0.029258294,1
68,0.847749788,0.021656735,0.028642966,0.037479212,0.039493622,0.024977676,4
69,0.467899367,0.038597836,0.051049085,0.066797534,0.331139576,0.044516602,0
70,0.728651216,0.038597836,0.051049085,0.066797534,0.070387728,0.044516602,1
71,0.918922108,0.011532874,0.015253255,0.019958826,0.021031561,0.013301376,1
72,0.203102546,0.69586652,0.022159036,0.028995015,0.030553422,0.019323461,2
73,0.07528505,0.006210395,0.301898771,0.052702725,0.430875347,0.133027712,5
74,0.207147518,0.299349685,0.051049085,0.066797534,0.331139576,0.044516602,0
75,0.847749788,0.021656735,0.028642966,0.037479212,0.039493622,0.024977676,5
76,0.620699992,0.006210395,0.008213802,0.262477702,0.011325392,0.091072716,0
77,0.467899367,0.038597836,0.051049085,0.066797534,0.070387728,0.305268451,5
78,0.467899367,0.299349685,0.051049085,0.066797534,0.070387728,0.044516602,1
79,0.467899367,0.038597836,0.051049085,0.327549382,0.070387728,0.044516602,1
80,0.491101741,0.010699276,0.014150748,0.452196886,0.019511398,0.012339951,4
81,0.467899367,0.038597836,0.051049085,0.066797534,0.070387728,0.305268451,0
82,0.067124603,0.097002025,0.016542074,0.021645241,0.783260785,0.014425272,5
83,0.773354603,0.001594496,0.002108864,0.218195281,0.002907753,0.001839004,4
84,0.207147518,0.038597836,0.051049085,0.588301231,0.070387728,0.044516602,4
85,0.821657493,0.025368217,0.033551732,0.043902314,0.04626195,0.029258294,0
86,0.78477225,0.030614935,0.040490985,0.052982301,0.055829962,0.035309567,1
87,0.78477225,0.030614935,0.040490985,0.052982301,0.055829962,0.035309567,1
88,0.086125196,0.007104618,0.009396492,0.060291287,0.828888336,0.008194072,5
89,0.681678586,0.009347936,0.075514473,0.205630544,0.017047069,0.010781391,4
90,0.728651216,0.038597836,0.051049085,0.066797534,0.070387728,0.044516602,0
91,0.365923624,0.072498929,0.01236348,0.142479552,0.395953024,0.010781391,1
92,0.346541513,0.155259505,0.086430862,0.0185162,0.308631855,0.084620066,5
93,0.113319654,0.767159845,0.01236348,0.016177567,0.080198062,0.010781391,2
94,0.515175802,0.00596033,0.007883068,0.453237119,0.010869367,0.006874313,4
95,0.69083679,0.116727779,0.019905971,0.026046888,0.129123862,0.017358709,1
96,0.792513811,0.015050758,0.019905971,0.127723909,0.027446841,0.017358709,1
97,0.223752251,0.004249315,0.12044693,0.150887417,0.380936331,0.119727756,5
98,0.116227731,0.167961147,0.028642966,0.183783623,0.478406857,0.024977676,2
99,0.368970019,0.174030378,0.008213802,0.220522707,0.011325392,0.216937703,3
100,0.912071457,0.01250734,0.016542074,0.021645241,0.022808616,0.014425272,1
101,0.053550424,0.347017391,0.215420474,0.017268062,0.355235506,0.011508141,5
102,0.207147518,0.038597836,0.051049085,0.327549382,0.331139576,0.044516602,0
103,0.191298802,0.007462803,0.312364837,0.012915149,0.013609305,0.462349104,3
104,0.401897229,0.004649753,0.006149713,0.1651064,0.165538899,0.256658006,3
105,0.418821627,0.010699276,0.014150748,0.524477,0.019511398,0.012339951,4
106,0.353764229,0.169869559,0.366881201,0.002397835,0.09612894,0.010958238,0
107,0.796288031,0.007462803,0.009870223,0.164162456,0.013609305,0.008607182,1
108,0.356656181,0.018892656,0.28024998,0.287958444,0.034452997,0.021789741,4
109,0.164304751,0.030614935,0.040490985,0.052982301,0.469474961,0.242132067,1
110,0.86684338,0.006482363,0.008573504,0.098803,0.011821357,0.007476397,1
111,0.847749788,0.021656735,0.028642966,0.037479212,0.039493622,0.024977676,1
112,0.254547794,0.379506287,0.11657919,0.119785779,0.12051679,0.009064159,2
113,0.255774023,0.009978061,0.080604742,0.017268062,0.624866971,0.011508141,5
114,0.442491527,0.105954628,0.11036174,0.023642944,0.024913691,0.29263547,3
115,0.207147518,0.038597836,0.311800933,0.327549382,0.070387728,0.044516602,0
116,0.811663323,0.105954628,0.018068791,0.023642944,0.024913691,0.015756623,1
117,0.467899367,0.038597836,0.311800933,0.066797534,0.070387728,0.044516602,1
118,0.581787157,0.00879267,0.011629092,0.015216622,0.016034476,0.366539982,3
119,0.467899367,0.038597836,0.051049085,0.066797534,0.070387728,0.305268451,4
120,0.047188652,0.246392006,0.189828594,0.13401629,0.37243348,0.010140978,5
121,0.320082956,0.116865523,0.036802835,0.417529178,0.106753436,0.001966072,4
122,0.780222199,0.010699276,0.014150748,0.0185162,0.164071626,0.012339951,1
123,0.207147518,0.038597836,0.051049085,0.327549382,0.070387728,0.305268451,4
124,0.236113974,0.01250734,0.27002613,0.444118668,0.022808616,0.014425272,4
125,0.120958291,0.009978061,0.013196876,0.017268062,0.827090569,0.011508141,5
126,0.728651216,0.038597836,0.051049085,0.066797534,0.070387728,0.044516602,1
127,0.106588486,0.00879267,0.843226767,0.015216622,0.016034476,0.010140978,0
128,0.230477405,0.152621232,0.004180127,0.026821204,0.582254814,0.003645218,2
129,0.34254611,0.007462803,0.009870223,0.416241301,0.013609305,0.210270259,4
130,0.082180843,0.831141381,0.008966152,0.011732176,0.058160647,0.007818801,0
131,0.467899367,0.038597836,0.051049085,0.327549382,0.070387728,0.044516602,3
132,0.522387324,0.127592338,0.189828594,0.13401629,0.016034476,0.010140978,1
133,0.779258777,0.006482363,0.052365805,0.142595301,0.011821357,0.007476397,1
134,0.201981284,0.661220305,0.014150748,0.0185162,0.091791512,0.012339951,2
135,0.57794975,0.237437435,0.040490985,0.052982301,0.055829962,0.035309567,2
136,0.467899367,0.038597836,0.051049085,0.066797534,0.070387728,0.305268451,4
137,0.12970117,0.010699276,0.014150748,0.596757115,0.236351741,0.012339951,4
138,0.080774663,0.015050758,0.223260014,0.026046888,0.637508968,0.017358709,2
139,0.542658664,0.129939657,0.022159036,0.028995015,0.030553422,0.245694207,2
140,0.073319731,0.105954628,0.018068791,0.39281474,0.394085487,0.015756623,5
141,0.101393426,0.018892656,0.024987225,0.287958444,0.544978508,0.021789741,5
142,0.728651216,0.038597836,0.051049085,0.066797534,0.070387728,0.044516602,1
143,0.065236834,0.073491782,0.097951914,0.099361888,0.659971968,0.003985614,5
144,0.455278798,0.00211964,0.017122867,0.333015702,0.046823777,0.145639217,4
145,0.373541106,0.011532874,0.015253255,0.019958826,0.021031561,0.558682378,3
146,0.152784949,0.00596033,0.088414369,0.735096672,0.010869367,0.006874313,4
147,0.96625141,0.004800547,0.006349152,0.008307841,0.008754366,0.005536684,1
148,0.285060027,0.006210395,0.008213802,0.010747729,0.640650325,0.049117721,5
149,0.336791946,0.002801646,0.382241924,0.213043611,0.024035959,0.041084913,0
150,0.120958291,0.009978061,0.215420474,0.017268062,0.624866971,0.011508141,5
151,0.02347931,0.033930043,0.005786202,0.835115101,0.096643572,0.005045772,4
152,0.207147518,0.560101534,0.051049085,0.066797534,0.070387728,0.044516602,0
153,0.166166558,0.006482363,0.052365805,0.055010698,0.493536672,0.226437904,5
154,0.625382579,0.121492605,0.05431755,0.021350751,0.004588105,0.172868411,4
155,0.307524305,0.025368217,0.033551732,0.558035502,0.04626195,0.029258294,0
156,0.431207025,0.100748374,0.03728148,0.001165295,0.428821225,0.0007766,2
157,0.555140965,0.167961147,0.028642966,0.037479212,0.185798034,0.024977676,2
158,0.12970117,0.010699276,0.809232005,0.0185162,0.019511398,0.012339951,0
159,0.316287918,0.582681148,0.022159036,0.028995015,0.030553422,0.019323461,2
160,0.478902034,0.025368217,0.033551732,0.215280044,0.217639679,0.029258294,4
161,0.164304751,0.030614935,0.660958484,0.052982301,0.055829962,0.035309567,1
162,0.153552782,0.001647744,0.091231376,0.013983101,0.348081696,0.3915033,3
163,0.203102546,0.243125029,0.022159036,0.028995015,0.483294913,0.019323461,5
164,0.207147518,0.038597836,0.051049085,0.327549382,0.070387728,0.305268451,3
165,0.123055492,0.004800547,0.427947111,0.008307841,0.430352325,0.005536684,5
166,0.120958291,0.009978061,0.013196876,0.017268062,0.759682703,0.078916007,5
167,0.207147518,0.038597836,0.051049085,0.066797534,0.331139576,0.305268451,0
168,0.429473291,0.243125029,0.022159036,0.142180388,0.030553422,0.132508834,1
169,0.707942084,0.010699276,0.014150748,0.235356543,0.019511398,0.012339951,4
170,0.467899367,0.299349685,0.051049085,0.066797534,0.070387728,0.044516602,0
171,0.658587401,0.265991396,0.016542074,0.021645241,0.022808616,0.014425272,1
172,0.405103345,0.01250734,0.016542074,0.528613353,0.022808616,0.014425272,4
173,0.086125196,0.247084684,0.009396492,0.012295274,0.636904283,0.008194072,2
174,0.320195562,0.004018594,0.005314949,0.52276746,0.115920565,0.031782869,4
175,0.223219642,0.00089802,0.353054594,0.310954305,0.110837713,0.001035726,5
176,0.131590621,0.005133513,0.145509527,0.008884073,0.702961558,0.005920709,5
177,0.310087008,0.002318869,0.003066912,0.426978077,0.239209308,0.018339827,4
178,0.467899367,0.299349685,0.051049085,0.066797534,0.070387728,0.044516602,0
179,0.526876069,0.00211964,0.203275772,0.075265526,0.190018319,0.002444675,5
180,0.679287527,0.007859021,0.010394257,0.279063179,0.014331856,0.009064159,1
181,0.101393426,0.40178679,0.024987225,0.160327066,0.289715753,0.021789741,2
182,0.78477225,0.030614935,0.040490985,0.052982301,0.055829962,0.035309567,0
183,0.291876476,0.550883768,0.050091783,0.005844016,0.097409267,0.003894691,2
184,0.894190832,0.015050758,0.019905971,0.026046888,0.027446841,0.017358709,5
185,0.467899367,0.038597836,0.311800933,0.066797534,0.070387728,0.044516602,2
186,0.207147518,0.038597836,0.311800933,0.066797534,0.331139576,0.044516602,0
187,0.555376601,0.009347936,0.01236348,0.016177567,0.395953024,0.010781391,2
188,0.173776637,0.006779241,0.054764049,0.011732176,0.01236275,0.740585147,3
189,0.821657493,0.025368217,0.033551732,0.043902314,0.04626195,0.029258294,4
190,0.627077425,0.013661679,0.202654689,0.023642944,0.024913691,0.108049572,0
191,0.316287918,0.129939657,0.135344409,0.368551133,0.030553422,0.019323461,1
192,0.207147518,0.038597836,0.051049085,0.327549382,0.070387728,0.305268451,4
193,0.563381856,0.010699276,0.303271205,0.090796314,0.019511398,0.012339951,4
194,0.053550424,0.009978061,0.013196876,0.826162455,0.085604042,0.011508141,4
195,0.182451684,0.015050758,0.019905971,0.026046888,0.739185989,0.017358709,5
196,0.728651216,0.038597836,0.051049085,0.066797534,0.070387728,0.044516602,1
197,0.901390186,0.004800547,0.006349152,0.073169065,0.008754366,0.005536684,1
198,0.316287918,0.016754284,0.022159036,0.481736506,0.143738794,0.019323461,4
199,0.217717963,0.479002303,0.015253255,0.097870398,0.176854705,0.013301376,2
200,0.728651216,0.038597836,0.051049085,0.066797534,0.070387728,0.044516602,0
201,0.356968224,0.006779241,0.008966152,0.011732176,0.607735407,0.007818801,5
202,0.718581809,0.007872079,0.261910788,0.008613654,0.001851005,0.001170665,1
203,0.116272028,0.444426543,0.003928489,0.005140413,0.426806746,0.003425781,2
204,0.728651216,0.038597836,0.051049085,0.066797534,0.070387728,0.044516602,2
205,0.36728579,0.004249315,0.005620099,0.122180709,0.237402792,0.263261294,5
206,0.374101275,0.151092657,0.393364596,0.012295274,0.060952126,0.008194072,0
207,0.217717963,0.011532874,0.171076398,0.487428256,0.021031561,0.091212948,4
208,0.188366157,0.009978061,0.013196876,0.623938857,0.153011908,0.011508141,4
209,0.324889443,0.008299671,0.010977056,0.014363437,0.631898013,0.00957238,5
210,0.295629535,0.479002303,0.015253255,0.019958826,0.176854705,0.013301376,2
211,0.429473291,0.016754284,0.022159036,0.368551133,0.030553422,0.132508834,1
212,0.506651432,0.069389925,0.016655482,0.221914959,0.01721804,0.168170162,1
213,0.243062582,0.000881968,0.346743852,0.227939096,0.114814753,0.066557749,3
214,0.217717963,0.011532874,0.015253255,0.565339828,0.176854705,0.013301376,4
215,0.871131564,0.009347936,0.075514473,0.016177567,0.017047069,0.010781391,1
216,0.743082086,0.097002025,0.016542074,0.106139926,0.022808616,0.014425272,2
217,0.080774663,0.320081822,0.019905971,0.026046888,0.535831947,0.017358709,2
218,0.551309437,0.00551611,0.007295548,0.344928294,0.047323958,0.043626653,0
219,0.34254611,0.057878572,0.009870223,0.567488609,0.013609305,0.008607182,0
220,0.262532143,0.021656735,0.028642966,0.037479212,0.185798034,0.463890911,2
221,0.478902034,0.025368217,0.033551732,0.043902314,0.389017408,0.029258294,1
222,0.941652021,0.008299671,0.010977056,0.014363437,0.015135434,0.00957238,1
223,0.116227731,0.021656735,0.613860611,0.183783623,0.039493622,0.024977676,4
224,0.108480426,0.561963796,0.300395975,0.000698332,0.000735866,0.027725605,0
225,0.101393426,0.40178679,0.024987225,0.032695689,0.162084375,0.277052497,3
226,0.882214782,0.016754284,0.022159036,0.028995015,0.030553422,0.019323461,1
227,0.854061406,0.007104618,0.009396492,0.060291287,0.060952126,0.008194072,4
228,0.650279763,0.025368217,0.033551732,0.215280044,0.04626195,0.029258294,4
229,0.284128705,0.015050758,0.019905971,0.636109015,0.027446841,0.017358709,4
230,0.310765443,0.105323174,0.161779678,0.01807323,0.402690878,0.001367597,5
231,0.628898739,0.215356453,0.110896509,0.033201287,0.007134689,0.004512323,2
232,0.370485324,0.098885467,0.006149713,0.510637355,0.008479375,0.005362766,4
233,0.217717963,0.479002303,0.015253255,0.019958826,0.254766276,0.013301376,3
234,0.089917173,0.016754284,0.022159036,0.028995015,0.030553422,0.81162107,3
235,0.350198578,0.013661679,0.294947638,0.023642944,0.301792538,0.015756623,5
236,0.302772632,0.009347936,0.075514473,0.016177567,0.017047069,0.579140323,3
237,0.236113974,0.01250734,0.016542074,0.190634612,0.445282043,0.098919957,5
238,0.336791946,0.002801646,0.079412727,0.023775363,0.516133405,0.041084913,5
239,0.207147518,0.038597836,0.311800933,0.327549382,0.070387728,0.044516602,0
240,0.050168662,0.009347936,0.51757142,0.205630544,0.206500047,0.010781391,3
241,0.302772632,0.009347936,0.01236348,0.016177567,0.648556994,0.010781391,5
242,0.268757032,0.551904799,0.085448708,0.001440508,0.029633872,0.062815081,2
243,0.207147518,0.038597836,0.051049085,0.066797534,0.591891425,0.044516602,0
244,0.324889443,0.008299671,0.010977056,0.014363437,0.631898013,0.00957238,1
245,0.080774663,0.523435864,0.019905971,0.026046888,0.332477904,0.017358709,2
246,0.414379502,0.286588232,0.103547587,0.004281316,0.188350119,0.002853244,2
247,0.139806392,0.712737018,0.015253255,0.019958826,0.098943133,0.013301376,2
248,0.821657493,0.025368217,0.033551732,0.043902314,0.04626195,0.029258294,0
249,0.073319731,0.013661679,0.11036174,0.023642944,0.763257283,0.015756623,5
250,0.162943735,0.630249501,0.00409274,0.005355335,0.131074173,0.066284515,2
251,0.323181889,0.549240989,0.013196876,0.017268062,0.085604042,0.011508141,2
252,0.207147518,0.299349685,0.311800933,0.066797534,0.070387728,0.044516602,0
253,0.821657493,0.025368217,0.033551732,0.043902314,0.04626195,0.029258294,1
254,0.457997621,0.009978061,0.350236206,0.017268062,0.018196176,0.146323874,0
255,0.894190832,0.015050758,0.019905971,0.026046888,0.027446841,0.017358709,1
256,0.360732727,0.273321354,0.010394257,0.066693313,0.279794189,0.009064159,2
257,0.451452678,0.011532874,0.171076398,0.253693541,0.098943133,0.013301376,0
258,0.685187393,0.011532874,0.015253255,0.253693541,0.021031561,0.013301376,4
259,0.207147518,0.038597836,0.051049085,0.327549382,0.070387728,0.305268451,0
260,0.080774663,0.015050758,0.833322141,0.026046888,0.027446841,0.017358709,3
261,0.467899367,0.038597836,0.051049085,0.066797534,0.331139576,0.044516602,0
262,0.047188652,0.068192504,0.605627431,0.193416124,0.07543431,0.010140978,0
263,0.346541513,0.010699276,0.014150748,0.596757115,0.019511398,0.012339951,4
264,0.034789654,0.006482363,0.490288819,0.449141411,0.011821357,0.007476397,4
265,0.68995442,0.287060817,0.00504123,0.006596431,0.006950972,0.004396131,1
266,0.467899367,0.038597836,0.051049085,0.066797534,0.331139576,0.044516602,1
267,0.207147518,0.038597836,0.311800933,0.066797534,0.070387728,0.305268451,0
268,0.29213034,0.007462803,0.009870223,0.315409763,0.013609305,0.361517566,3
269,0.067124603,0.01250734,0.016542074,0.106139926,0.360787358,0.436898699,5
270,0.467899367,0.038597836,0.051049085,0.327549382,0.070387728,0.044516602,1
271,0.207147518,0.299349685,0.051049085,0.066797534,0.070387728,0.305268451,2
272,0.028540404,0.005317939,0.330366639,0.619943711,0.009697892,0.006133416,4
273,0.491101741,0.010699276,0.37555132,0.090796314,0.019511398,0.012339951,3
274,0.467899367,0.038597836,0.051049085,0.327549382,0.070387728,0.044516602,1
275,0.080774663,0.015050758,0.019905971,0.737786037,0.129123862,0.017358709,4
276,0.821657493,0.025368217,0.033551732,0.043902314,0.04626195,0.029258294,1
277,0.207147518,0.038597836,0.311800933,0.327549382,0.070387728,0.044516602,0
278,0.555140965,0.021656735,0.028642966,0.183783623,0.039493622,0.171282088,0
279,0.78477225,0.030614935,0.040490985,0.052982301,0.055829962,0.035309567,1
280,0.089917173,0.129939657,0.022159036,0.594921879,0.143738794,0.019323461,4
281,0.307524305,0.025368217,0.033551732,0.043902314,0.560395137,0.029258294,2
282,0.586437688,0.040910896,0.001555818,0.367593669,0.0021452,0.001356728,1
283,0.467899367,0.299349685,0.051049085,0.066797534,0.070387728,0.044516602,0
284,0.268820117,0.008299671,0.010977056,0.014363437,0.015135434,0.682404284,3
285,0.207147518,0.038597836,0.051049085,0.588301231,0.070387728,0.044516602,4
286,0.556171345,0.000841841,0.416275201,0.024205484,0.001535197,0.000970933,1
287,0.484287559,0.018892656,0.024987225,0.415589822,0.034452997,0.021789741,1
288,0.467899367,0.299349685,0.051049085,0.066797534,0.070387728,0.044516602,0
289,0.307524305,0.539501405,0.033551732,0.043902314,0.04626195,0.029258294,2
290,0.788519974,0.006210395,0.008213802,0.178567711,0.011325392,0.007162725,1
291,0.408836554,0.021656735,0.028642966,0.330088035,0.185798034,0.024977676,4
292,0.525405487,0.279609525,0.013196876,0.017268062,0.153011908,0.011508141,0
293,0.467899367,0.038597836,0.051049085,0.066797534,0.331139576,0.044516602,1
294,0.549607212,0.056773399,0.005174473,0.006770778,0.192148253,0.189525886,1
295,0.240486985,0.460342174,0.06008123,0.232779522,0.003865414,0.002444675,2
296,0.16561268,0.659712323,0.018068791,0.023642944,0.024913691,0.108049572,0
297,0.418432564,0.447517142,0.000774325,0.001013201,0.040619134,0.091643634,2
298,0.408836554,0.021656735,0.028642966,0.476392446,0.039493622,0.024977676,4
299,0.662077354,0.247084684,0.009396492,0.060291287,0.012956113,0.008194072,2
300,0.650279763,0.025368217,0.033551732,0.215280044,0.04626195,0.029258294,1
301,0.281926759,0.003538304,0.004679723,0.07783358,0.627940751,0.004080883,5
302,0.207147518,0.038597836,0.311800933,0.066797534,0.331139576,0.044516602,5
303,0.467899367,0.038597836,0.311800933,0.066797534,0.070387728,0.044516602,0
304,0.320608659,0.01250734,0.608004871,0.021645241,0.022808616,0.014425272,0
305,0.467899367,0.038597836,0.051049085,0.066797534,0.331139576,0.044516602,1
306,0.467899367,0.038597836,0.051049085,0.066797534,0.331139576,0.044516602,4
307,0.408836554,0.021656735,0.028642966,0.183783623,0.332102445,0.024977676,0
308,0.262532143,0.021656735,0.028642966,0.037479212,0.039493622,0.610195322,3
309,0.12970117,0.299819733,0.014150748,0.379916772,0.164071626,0.012339951,2
310,0.274261398,0.155259505,0.158710977,0.163076429,0.019511398,0.229180294,4
311,0.207147518,0.038597836,0.051049085,0.327549382,0.331139576,0.044516602,1
312,0.03914959,0.003229518,0.004271326,0.94373541,0.005889409,0.003724747,4
313,0.681678586,0.261951906,0.01236348,0.016177567,0.017047069,0.010781391,2
314,0.207147518,0.038597836,0.311800933,0.066797534,0.070387728,0.305268451,0
315,0.356093977,0.372925243,0.001400053,0.080496068,0.144956071,0.044128589,2
316,0.405103345,0.01250734,0.016542074,0.021645241,0.445282043,0.098919957,1
317,0.654725184,0.002318869,0.018732283,0.301655104,0.004228733,0.018339827,4
318,0.207147518,0.038597836,0.051049085,0.066797534,0.331139576,0.305268451,5
319,0.019942832,0.003715952,0.506984915,0.458294051,0.006776478,0.004285772,0
320,0.113319654,0.767159845,0.01236348,0.07932856,0.017047069,0.010781391,2
321,0.207147518,0.038597836,0.051049085,0.066797534,0.070387728,0.566020299,0
322,0.164304751,0.030614935,0.247313485,0.4666273,0.055829962,0.035309567,4
323,0.207147518,0.038597836,0.311800933,0.327549382,0.070387728,0.044516602,1
324,0.650279763,0.025368217,0.033551732,0.215280044,0.04626195,0.029258294,1
325,0.611918937,0.018892656,0.024987225,0.287958444,0.034452997,0.021789741,4
326,0.78477225,0.030614935,0.040490985,0.052982301,0.055829962,0.035309567,1
327,0.57794975,0.030614935,0.040490985,0.2598048,0.055829962,0.035309567,1
328,0.207147518,0.560101534,0.051049085,0.066797534,0.070387728,0.044516602,0
329,0.54015981,0.281566621,0.008966152,0.057530073,0.01236275,0.099414594,2
330,0.316287918,0.016754284,0.022159036,0.028995015,0.483294913,0.132508834,5
331,0.207147518,0.038597836,0.311800933,0.066797534,0.331139576,0.044516602,5
332,0.439515405,0.00551611,0.007295548,0.531251681,0.01005928,0.006361975,4
333,0.40276612,0.006779241,0.054764049,0.423913246,0.103958543,0.007818801,4
334,0.277870064,0.028703459,0.497036744,0.150413085,0.043695312,0.002281337,0
335,0.37112725,0.030614935,0.040490985,0.4666273,0.055829962,0.035309567,4
336,0.207147518,0.299349685,0.311800933,0.066797534,0.070387728,0.044516602,0
337,0.319261973,0.00751153,0.105968984,0.021305142,0.499034315,0.046918056,5
338,0.792513811,0.015050758,0.019905971,0.127723909,0.027446841,0.017358709,3
339,0.057421055,0.155259505,0.014150748,0.524477,0.236351741,0.012339951,4
340,0.442617363,0.185013885,0.028236995,0.099107919,0.134478909,0.110544929,1
341,0.608553096,0.001157939,0.173628235,0.048939412,0.025579378,0.14214194,4
342,0.894190832,0.015050758,0.019905971,0.026046888,0.027446841,0.017358709,1
343,0.047188652,0.840390346,0.011629092,0.015216622,0.07543431,0.010140978,2
344,0.136146576,0.025368217,0.033551732,0.729413231,0.04626195,0.029258294,4
345,0.467899367,0.299349685,0.051049085,0.066797534,0.070387728,0.044516602,4
346,0.080774663,0.015050758,0.019905971,0.636109015,0.027446841,0.220712752,4
347,0.78477225,0.030614935,0.040490985,0.052982301,0.055829962,0.035309567,1
348,0.607275821,0.011532874,0.015253255,0.019958826,0.098943133,0.247036091,2
349,0.627077425,0.013661679,0.294947638,0.023642944,0.024913691,0.015756623,1
350,0.484287559,0.40178679,0.024987225,0.032695689,0.034452997,0.021789741,1
351,0.574092715,0.01250734,0.27002613,0.106139926,0.022808616,0.014425272,1
352,0.26537243,0.006779241,0.054764049,0.011732176,0.653533303,0.007818801,5
353,0.262532143,0.606874381,0.028642966,0.037479212,0.039493622,0.024977676,2
354,0.06945692,0.431507552,0.007577938,0.048622787,0.436226575,0.006608229,2
355,0.78477225,0.030614935,0.040490985,0.052982301,0.055829962,0.035309567,1
356,0.207147518,0.038597836,0.572552782,0.066797534,0.070387728,0.044516602,0
357,0.627077425,0.013661679,0.018068791,0.300521791,0.024913691,0.015756623,1
358,0.217717963,0.089444445,0.015253255,0.019958826,0.644324134,0.013301376,5
359,0.602532788,0.087607542,0.001690132,0.002211531,0.192255615,0.113702393,1
360,0.207147518,0.038597836,0.051049085,0.327549382,0.331139576,0.044516602,0
361,0.934282556,0.009347936,0.01236348,0.016177567,0.017047069,0.010781391,1
362,0.165374639,0.102644601,0.233581903,0.263040273,0.234119973,0.001238611,2
363,0.106588486,0.543391176,0.011629092,0.074616456,0.253633812,0.010140978,2
364,0.430331744,0.000887255,0.001173473,0.013523373,0.445169856,0.108914299,5
365,0.035901865,0.849848665,0.002515274,0.041834267,0.067706522,0.002193408,2
366,0.047188652,0.00879267,0.071028926,0.015216622,0.194233978,0.663539152,3
367,0.37112725,0.444259935,0.040490985,0.052982301,0.055829962,0.035309567,0
368,0.116428937,0.68798365,0.13868399,0.001676139,0.054110236,0.001117047,2
369,0.262532143,0.021656735,0.613860611,0.037479212,0.039493622,0.024977676,5
370,0.149445705,0.001015018,0.001342452,0.001756593,0.790413076,0.056027157,5
371,0.328285671,0.038479059,0.00656196,0.0085863,0.009047791,0.609039219,3
372,0.143482466,0.000892605,0.206203536,0.110086325,0.116199439,0.423135629,3
373,0.48959803,0.097002025,0.016542074,0.359623982,0.022808616,0.014425272,0
374,0.207147518,0.038597836,0.051049085,0.066797534,0.331139576,0.305268451,0
375,0.207147518,0.299349685,0.051049085,0.327549382,0.070387728,0.044516602,0
376,0.583102643,0.001311872,0.152397454,0.13520773,0.126467261,0.00151304,5
377,0.207147518,0.038597836,0.051049085,0.588301231,0.070387728,0.044516602,0
378,0.164304751,0.237437435,0.040490985,0.4666273,0.055829962,0.035309567,4
379,0.429473291,0.469495775,0.022159036,0.028995015,0.030553422,0.019323461,2
380,0.739550315,0.018892656,0.024987225,0.032695689,0.162084375,0.021789741,1
381,0.271356479,0.002911871,0.062865594,0.103396601,0.044653065,0.514816389,3
382,0.821657493,0.025368217,0.033551732,0.043902314,0.04626195,0.029258294,0
383,0.06189482,0.401090732,0.015253255,0.019958826,0.488500991,0.013301376,2
384,0.484287559,0.018892656,0.407881358,0.032695689,0.034452997,0.021789741,1
385,0.38250039,0.004800547,0.038779764,0.073169065,0.495213549,0.005536684,3
386,0.567429054,0.005317939,0.042959359,0.116980971,0.261179262,0.006133416,4
387,0.903956272,0.013661679,0.018068791,0.023642944,0.024913691,0.015756623,1
388,0.350198578,0.475126425,0.11036174,0.023642944,0.024913691,0.015756623,2
389,0.651790613,0.17853351,0.110829527,0.008884073,0.009361569,0.040600708,1
390,0.89140691,0.002283104,0.003019608,0.096493663,0.00416351,0.002633205,0
391,0.660221219,0.009978061,0.28282834,0.017268062,0.018196176,0.011508141,1
392,0.257905629,0.013661679,0.202654689,0.115935893,0.394085487,0.015756623,2
393,0.467899367,0.038597836,0.311800933,0.066797534,0.070387728,0.044516602,1
394,0.295629535,0.32317916,0.093164827,0.019958826,0.021031561,0.247036091,2
395,0.650279763,0.025368217,0.033551732,0.215280044,0.04626195,0.029258294,1
396,0.113319654,0.388253891,0.01236348,0.458234514,0.017047069,0.010781391,4
397,0.280021774,0.508280679,0.007033449,0.009203241,0.009697892,0.185762965,2
398,0.139806392,0.011532874,0.015253255,0.175781969,0.488500991,0.169124519,5
399,0.207147518,0.038597836,0.311800933,0.327549382,0.070387728,0.044516602,0
400,0.073319731,0.013661679,0.018068791,0.854279486,0.024913691,0.015756623,4
401,0.341335763,0.137859267,0.008573504,0.011218397,0.493536672,0.007476397,5
402,0.2134258,0.098885467,0.445916382,0.196518305,0.008479375,0.036774671,4
403,0.373541106,0.011532874,0.015253255,0.019958826,0.566412563,0.013301376,5
404,0.37112725,0.030614935,0.454135984,0.052982301,0.055829962,0.035309567,0
405,0.207147518,0.038597836,0.051049085,0.066797534,0.070387728,0.566020299,0
406,0.351873594,0.005317939,0.007033449,0.009203241,0.620438361,0.006133416,5
407,0.475496751,0.068681592,0.331531697,0.114675804,0.005889409,0.003724747,1
408,0.728651216,0.038597836,0.051049085,0.066797534,0.070387728,0.044516602,1
409,0.728651216,0.038597836,0.051049085,0.066797534,0.070387728,0.044516602,1
410,0.467899367,0.038597836,0.051049085,0.327549382,0.070387728,0.044516602,1
411,0.207147518,0.299349685,0.051049085,0.066797534,0.331139576,0.044516602,0
412,0.26537243,0.327364518,0.008966152,0.057530073,0.332948027,0.007818801,2
413,0.058194268,0.069661771,0.006349152,0.008307841,0.560074774,0.297412194,5
414,0.307524305,0.025368217,0.033551732,0.043902314,0.560395137,0.029258294,5
415,0.207147518,0.038597836,0.051049085,0.327549382,0.331139576,0.044516602,0
416,0.242157821,0.002801646,0.003705428,0.459092334,0.118670083,0.173572687,4
417,0.385805726,0.015050758,0.019905971,0.534431994,0.027446841,0.017358709,4
418,0.297543462,0.006482363,0.008573504,0.668102918,0.011821357,0.007476397,4
419,0.728651216,0.038597836,0.051049085,0.066797534,0.070387728,0.044516602,4
420,0.728651216,0.038597836,0.051049085,0.066797534,0.070387728,0.044516602,1
421,0.207147518,0.038597836,0.051049085,0.066797534,0.591891425,0.044516602,0
422,0.26537243,0.006779241,0.695934602,0.011732176,0.01236275,0.007818801,0
423,0.217717963,0.011532874,0.015253255,0.721162971,0.021031561,0.013301376,4
424,0.484287559,0.018892656,0.28024998,0.032695689,0.162084375,0.021789741,2
425,0.403587656,0.00879267,0.011629092,0.015216622,0.550632982,0.010140978,2
426,0.48959803,0.01250734,0.354520815,0.021645241,0.022808616,0.098919957,0
427,0.467899367,0.038597836,0.051049085,0.066797534,0.070387728,0.305268451,4
428,0.356656181,0.274155412,0.024987225,0.032695689,0.289715753,0.021789741,2
429,0.442491527,0.013661679,0.11036174,0.39281474,0.024913691,0.015756623,4
430,0.244095864,0.005317939,0.114811179,0.404388251,0.045623802,0.185762965,1
431,0.78477225,0.030614935,0.040490985,0.052982301,0.055829962,0.035309567,1
432,0.164304751,0.030614935,0.247313485,0.4666273,0.055829962,0.035309567,4
433,0.344187822,0.068192504,0.011629092,0.252815958,0.134834144,0.18834048,0
434,0.592813353,0.009978061,0.013196876,0.286899527,0.085604042,0.011508141,1
435,0.44885149,0.002089716,0.002763836,0.497722044,0.046162751,0.002410162,4
436,0.356968224,0.556354001,0.008966152,0.057530073,0.01236275,0.007818801,2
437,0.510231882,0.004018594,0.005314949,0.006954591,0.27880884,0.194671144,5
438,0.053550424,0.009978061,0.350236206,0.017268062,0.490051238,0.078916007,5
439,0.073319731,0.013661679,0.018068791,0.854279486,0.024913691,0.015756623,4
440,0.467899367,0.038597836,0.051049085,0.066797534,0.331139576,0.044516602,0
441,0.494361914,0.006779241,0.008966152,0.423913246,0.058160647,0.007818801,4
442,0.821657493,0.025368217,0.033551732,0.043902314,0.04626195,0.029258294,1
443,0.307524305,0.539501405,0.033551732,0.043902314,0.04626195,0.029258294,2
444,0.55798865,0.001089742,0.089783714,0.13439956,0.215481486,0.001256848,5
445,0.207147518,0.038597836,0.051049085,0.066797534,0.070387728,0.566020299,2
446,0.207147518,0.038597836,0.051049085,0.327549382,0.331139576,0.044516602,0
447,0.478902034,0.368123676,0.033551732,0.043902314,0.04626195,0.029258294,2
448,0.585026942,0.004374904,0.005786202,0.391788024,0.007978156,0.005045772,4
449,0.207147518,0.038597836,0.051049085,0.588301231,0.070387728,0.044516602,4
450,0.728651216,0.038597836,0.051049085,0.066797534,0.070387728,0.044516602,4
451,0.467899367,0.038597836,0.051049085,0.066797534,0.070387728,0.305268451,1
452,0.792513811,0.015050758,0.019905971,0.026046888,0.129123862,0.017358709,2
453,0.236113974,0.350486082,0.185531445,0.106139926,0.107303302,0.014425272,2
454,0.307524305,0.025368217,0.033551732,0.043902314,0.560395137,0.029258294,5
455,0.46691766,0.379506287,0.010394257,0.013600846,0.12051679,0.009064159,4
456,0.597860656,0.002970302,0.003928489,0.005140413,0.02548289,0.364617251,1
457,0.743082086,0.01250734,0.016542074,0.021645241,0.191797987,0.014425272,4
458,0.207147518,0.299349685,0.051049085,0.327549382,0.070387728,0.044516602,0
459,0.707942084,0.08297939,0.014150748,0.0185162,0.019511398,0.15690018,0
460,0.207147518,0.038597836,0.311800933,0.327549382,0.070387728,0.044516602,0
461,0.06189482,0.011532874,0.560634256,0.331605113,0.021031561,0.013301376,5
462,0.207147518,0.299349685,0.051049085,0.066797534,0.331139576,0.044516602,0
463,0.467899367,0.038597836,0.051049085,0.066797534,0.331139576,0.044516602,0
464,0.380958768,0.288646298,0.010977056,0.014363437,0.295482061,0.00957238,2
465,0.650279763,0.025368217,0.033551732,0.043902314,0.04626195,0.200636023,4
466,0.036382947,0.052577138,0.100561945,0.790296419,0.01236275,0.007818801,4
467,0.443377648,0.15871011,0.261949068,0.063330918,0.064025074,0.008607182,2
468,0.574092715,0.01250734,0.016542074,0.021645241,0.360787358,0.014425272,5
469,0.827576772,0.01250734,0.016542074,0.021645241,0.022808616,0.098919957,2
470,0.136146576,0.025368217,0.033551732,0.043902314,0.731772867,0.029258294,5
471,0.187254005,0.000733397,0.595514844,0.065678245,0.135110029,0.015709481,0
472,0.207147518,0.038597836,0.051049085,0.327549382,0.070387728,0.305268451,0
473,0.350581097,0.008203734,0.134419646,0.07354314,0.096510914,0.336741469,0
474,0.050168662,0.009347936,0.01236348,0.900291461,0.017047069,0.010781391,4
475,0.57794975,0.237437435,0.040490985,0.052982301,0.055829962,0.035309567,4
476,0.027550623,0.143853511,0.006789529,0.078244072,0.633601559,0.109960707,5
477,0.467899367,0.038597836,0.051049085,0.327549382,0.070387728,0.044516602,0
478,0.149205985,0.003811637,0.545789665,0.212595834,0.084200748,0.004396131,2
479,0.073319731,0.567419374,0.11036174,0.115935893,0.11720664,0.015756623,2
480,0.467899367,0.038597836,0.311800933,0.066797534,0.070387728,0.044516602,1
481,0.180084211,0.678775096,0.004008933,0.046199854,0.087435975,0.003495931,2
482,0.14067549,0.604008876,0.122179874,0.13206315,0.000657055,0.000415554,0
483,0.467899367,0.038597836,0.311800933,0.066797534,0.070387728,0.044516602,1
484,0.451452678,0.011532874,0.015253255,0.487428256,0.021031561,0.013301376,1
485,0.203102546,0.016754284,0.5880859,0.142180388,0.030553422,0.019323461,4
486,0.467899367,0.299349685,0.051049085,0.066797534,0.070387728,0.044516602,0
487,0.360732727,0.167136421,0.063486724,0.066693313,0.332886656,0.009064159,5
488,0.78477225,0.030614935,0.040490985,0.052982301,0.055829962,0.035309567,4
489,0.207147518,0.038597836,0.051049085,0.066797534,0.591891425,0.044516602,5
490,0.627077425,0.198247577,0.11036174,0.023642944,0.024913691,0.015756623,1
491,0.467899367,0.038597836,0.311800933,0.066797534,0.070387728,0.044516602,1
492,0.390589755,0.077385927,0.013196876,0.421715259,0.018196176,0.078916007,4
493,0.038406068,0.001185766,0.009578851,0.154252917,0.795208801,0.001367597,5
494,0.422182684,0.002248424,0.002973742,0.338059561,0.004100268,0.23043532,1
495,0.664204494,0.003811637,0.00504123,0.006596431,0.006950972,0.313395236,3
496,0.728651216,0.038597836,0.051049085,0.066797534,0.070387728,0.044516602,1
497,0.136146576,0.025368217,0.033551732,0.386657773,0.389017408,0.029258294,4
498,0.324889443,0.400784949,0.010977056,0.014363437,0.239412735,0.00957238,5
499,0.238377638,0.071299728,0.31500646,0.09520538,0.267882092,0.012228702,3
500,0.537827478,0.09784386,0.066774445,0.01999159,0.274845609,0.002717018,1
501,0.467899367,0.038597836,0.051049085,0.066797534,0.070387728,0.305268451,1
502,0.842965766,0.092517436,0.004366594,0.005713671,0.05062871,0.003807824,1
503,0.574092715,0.01250734,0.016542074,0.021645241,0.191797987,0.183414643,3
504,0.207147518,0.299349685,0.051049085,0.327549382,0.070387728,0.044516602,0
505,0.275722645,0.000931943,0.139741037,0.001612823,0.064657898,0.517333654,3
506,0.459041085,0.080023537,0.119528675,0.101401878,0.120959462,0.119045363,5
507,0.664785709,0.002911871,0.062865594,0.201753908,0.005310142,0.062372775,1
508,0.036007257,0.002970302,0.003928489,0.667324775,0.005416697,0.28435248,4
509,0.451452678,0.245267588,0.171076398,0.097870398,0.021031561,0.013301376,0
510,0.709141935,0.204037295,0.004366594,0.005713671,0.072932681,0.003807824,0
511,0.207147518,0.299349685,0.051049085,0.327549382,0.070387728,0.044516602,0
512,0.173776637,0.006779241,0.421147222,0.057530073,0.103958543,0.236808284,2
513,0.795394303,0.011163752,0.001903791,0.002491104,0.187386877,0.001660173,1
514,0.064466314,0.005317939,0.007033449,0.907350991,0.009697892,0.006133416,4
515,0.467899367,0.038597836,0.051049085,0.066797534,0.331139576,0.044516602,1
